,SalePrice
0,122175.07443064994
1,146125.83860662018
2,161061.71685968447
3,167970.22804358212
4,196198.15791382495
5,163509.4760192469
6,156720.9932507225
7,155950.13182667174
8,173312.47032836467
9,110181.8536744334
10,193403.68495714015
11,96200.76151929492
12,100740.33354622094
13,151592.0522114339
14,138076.84948727442
15,362569.2128778287
16,262448.6275773291
17,262531.33709791285
18,248426.47055848636
19,414752.225602344
20,318246.82671290025
21,206671.19039433717
22,167653.93769609148
23,162362.93543947433
24,161867.14085235982
25,185254.81868500446
26,343289.1443447554
27,248194.6444133
28,190132.8789457194
29,176981.8813793559
30,178804.15701262746
31,101201.79031504667
32,164977.7961464793
33,305452.76941138454
34,298377.6309391048
35,207543.0596209237
36,178580.62810497204
37,156025.36945750046
38,156415.95466499918
39,142753.9791622251
40,166319.86216344818
41,154337.0546553515
42,283678.4357411214
43,236226.878309047
44,205026.98446299223
45,173768.59294804666
46,203668.1867139453
47,183679.77293290314
48,160821.59351148762
49,143058.63849989633
50,141653.29439127608
51,151811.00883757684
52,147558.51542799422
53,158916.59454418079
54,163662.07009004056
55,158719.30358271493
56,138193.30161929995
57,129952.58965519867
58,211537.69194614887
59,130587.03527219525
60,137222.37625635293
61,160113.23584834306
62,104928.69544868341
63,113872.76725646222
64,119455.72045280949
65,125106.23098386281
66,95429.42250570965
67,121424.2466941476
68,135968.47569393646
69,160823.03762649168
70,129524.06854882422
71,107791.94203000068
72,139441.97546888635
73,116926.40535674914
74,156759.41912502507
75,115547.75434423327
76,86731.86887557156
77,199600.80278038548
78,273491.3187567832
79,125755.36837650125
80,157581.3193940346
81,144995.71598574033
82,201606.02777837752
83,82438.289291086
84,103497.49284917394
85,115269.92436813633
86,140879.85986479995
87,138075.2555496777
88,109953.27226998597
89,143321.60608294528
90,119069.77358780245
91,135675.6296079604
92,155848.75859928323
93,112290.47426680643
94,154983.2319852517
95,92535.0686833285
96,128361.88210063391
97,101954.01361355551
98,113753.4016611674
99,149561.34096582202
100,145100.17389467667
101,118154.82461719544
102,120178.14817013254
103,149471.52249860487
104,148415.77944065077
105,203449.27604815396
106,86549.62275628737
107,194995.90027146295
108,141192.6544345649
109,119128.19474932872
110,131927.15479109882
111,135934.2076990455
112,214618.84936076467
113,113827.3078750865
114,200133.89450349254
115,190875.83725282573
116,188698.02915839237
117,147960.80448132724
118,134068.14386848864
119,181357.58483508977
120,128545.31399049272
121,123513.33613637427
122,337367.4150695738
123,226235.30320092227
124,135569.71064885607
125,79046.4106767845
126,100813.95625853523
127,135264.67847091221
128,100433.76441482655
129,130645.62317539958
130,97820.23346260365
131,124074.97455482146
132,113511.64710122431
133,136109.1612873133
134,118367.74792629383
135,220166.83518277176
136,162388.48241860862
137,175461.0761226048
138,222635.6280681243
139,192979.1976670934
140,69119.38597483831
141,111151.41207504502
142,95501.08152866854
143,290768.85485047137
144,251557.98694006386
145,161217.6874936147
146,171793.15520603303
147,197684.47847888636
148,181559.19492341593
149,139704.5939355883
150,137398.84737910578
151,139294.03942702923
152,155525.6043654994
153,120625.0117867248
154,81603.80410747216
155,77000.3028200512
156,86001.31455117097
157,121035.01405073848
158,123924.31592355014
159,145812.55784098522
160,132216.7122788748
161,145255.40527933027
162,306508.61606470414
163,190387.61294901563
164,126745.99509300625
165,164384.50179375953
166,168483.5685539131
167,284173.6571681042
168,170912.19847739805
169,357946.6480428428
170,225443.48953157495
171,252413.80699809938
172,159915.57832819436
173,166893.7073482021
174,167932.0104956758
175,150372.47842400733
176,165913.73064357537
177,200348.53043121105
178,170893.95920586435
179,240062.1039269456
180,167882.88970504963
181,201199.26462218587
182,235711.23665158535
183,222443.72500841995
184,156725.07837256917
185,145537.65516618267
186,165309.4512977276
187,133252.1155723538
188,129538.71721629029
189,110515.98848474653
190,107693.45707146305
191,97279.31797883571
192,99109.20322544231
193,158142.78043999596
194,153439.11444820146
195,152786.5928689017
196,158921.91190913378
197,151596.37534529335
198,142409.80755691548
199,136341.98752277065
200,404296.88984061783
201,350376.2550347979
202,353072.13633600523
203,417432.61559862527
204,278800.1277011944
205,320026.9415599562
206,346015.1795648212
207,299619.69186697324
208,286167.8417355175
209,306791.61907221086
210,233903.77981779238
211,425181.7609823755
212,312938.03723169875
213,257700.86028893062
214,175625.5811409059
215,178156.22108779865
216,198062.23064436775
217,416656.79705638345
218,366575.8740445564
219,289122.6089620412
220,237271.80365063957
221,295117.25191833975
222,185350.92235757763
223,167372.857219745
224,156545.249656929
225,168466.18593506643
226,159532.54708650653
227,175349.74007216434
228,176203.0852283083
229,174714.967053359
230,163459.62889209646
231,260422.91153890805
232,159787.6653237018
233,166607.29114386466
234,163545.98186816144
235,252013.3333207054
236,164331.41365851808
237,339594.57804289385
238,319027.2229947859
239,217975.45311958637
240,271675.86522192723
241,260872.72058686693
242,252860.11685785418
243,313016.20093188697
244,237336.02301556233
245,393475.7202362201
246,191845.2513632968
247,197847.8843812481
248,268446.5652726766
249,241315.72888295903
250,248473.70116322988
251,242920.71242865053
252,225883.55960423368
253,206886.64121041735
254,186217.27026141548
255,179276.06140697177
256,158042.2178085774
257,125252.41788633335
258,190240.81433271765
259,256939.1777869012
260,165668.10053354205
261,115890.31455619418
262,147694.03104396557
263,196825.5595560123
264,226726.97390186478
265,170773.13658083425
266,162260.0801084565
267,176560.55933113373
268,158005.16444155437
269,161691.15036659953
270,114852.42230044345
271,127400.35252154182
272,121948.073200326
273,129090.35115918484
274,125601.08865001998
275,110357.34173610366
276,355580.41338336555
277,196397.5858005405
278,255932.85674528393
279,169775.80941667306
280,162501.51230964705
281,166143.18629416585
282,172425.18878655854
283,313936.393956546
284,201433.46689248557
285,286570.08517246833
286,201088.59631725907
287,185073.475607066
288,151028.92944265093
289,146543.89329729488
290,224788.48843947757
291,119654.02774851937
292,136710.36837296427
293,204109.7765942549
294,159806.39533790955
295,109984.3777210583
296,115767.47728290291
297,130068.79189811021
298,154267.78055543432
299,145221.824987916
300,145919.88879869427
301,155101.55168197386
302,157800.4917452979
303,110395.11245744347
304,166561.71750354997
305,160505.51749499474
306,183768.57897008726
307,129711.19532114532
308,169422.75547365347
309,133391.42396213787
310,132198.8792424385
311,136644.76675513666
312,128106.24799236587
313,131644.6075704908
314,123571.22455700801
315,110306.05375915041
316,111514.69821538733
317,120861.23612816718
318,110046.28135318503
319,170579.51776953507
320,123563.90350982215
321,94752.98580435046
322,126235.26618453528
323,90777.41743294998
324,112384.39948898244
325,140508.4842357045
326,174111.72209067826
327,67474.29041375869
328,103020.57876248696
329,85339.04708026625
330,174980.5224817765
331,151636.6618371308
332,131707.58067546252
333,134117.63217746912
334,131606.07433183063
335,114902.98848004488
336,121178.51083820318
337,118539.6583917544
338,109021.13720804571
339,116003.85358723714
340,128717.05266492677
341,153432.70988890395
342,150340.08589004126
343,133153.57581827385
344,128682.06277588478
345,117746.17725110728
346,166262.4889431967
347,118930.29642812179
348,134873.81657896595
349,147717.8977121708
350,125028.88922581675
351,128950.14065563836
352,119933.37685061837
353,97030.27314609814
354,76439.13548231478
355,99977.47040069761
356,123236.43676372411
357,158744.03323388635
358,119145.40993719583
359,76139.64993209075
360,135763.35411604246
361,157457.01972592447
362,71431.01773676061
363,136436.54544871981
364,137360.76344860435
365,102004.64541800412
366,104886.43317174887
367,143042.46213230805
368,110485.6746768917
369,154569.44564073638
370,176115.7477625855
371,124895.37182504396
372,155776.5288159507
373,143348.45667245117
374,187432.9900460845
375,138072.07991435638
376,93558.09059873944
377,133700.07053430035
378,81774.19392016197
379,151988.67699885063
380,139125.36116981492
381,90944.71387410857
382,136261.79401379154
383,128234.94288203136
384,135895.6859122563
385,140515.680724961
386,139841.66437891664
387,68260.0235262592
388,113988.09442969238
389,121419.80228865797
390,157552.48409356276
391,120515.85849948708
392,129108.41520854626
393,161179.35988314435
394,138398.93085302287
395,201831.6282499669
396,142328.95271583376
397,139482.25379106184
398,130184.48972009108
399,143663.88267099802
400,129885.98403734296
401,261150.55659559232
402,260046.05322065385
403,260046.05322065385
404,299734.11567024223
405,304223.75456784735
406,242438.78472832942
407,314402.0075537694
408,188336.972099813
409,243516.01069422287
410,251836.29069492413
411,156214.06497692142
412,206646.2465538046
413,132856.60851373835
414,196342.68579203993
415,177959.57245188905
416,201024.8829515873
417,203306.79369784566
418,128406.4743270373
419,130969.91779514553
420,216144.8006736057
421,271376.012926118
422,184147.310124895
423,203510.85270460916
424,274018.39161107905
425,307500.28732725175
426,194973.57579729985
427,297275.1270625523
428,151354.87150224225
429,123447.44442201206
430,134462.02293587115
431,104009.04437694851
432,128563.40266361073
433,130905.56695974254
434,146724.40107996392
435,116952.83305494797
436,113897.49835228112
437,102578.02306935772
438,125047.06361822574
439,139608.91910609338
440,149406.76054677344
441,121207.53161833678
442,218932.34311823096
443,125461.77327073686
444,159732.07158100235
445,151366.95644729197
446,181215.9068581775
447,115947.34404766427
448,132259.50870099533
449,124899.56023733014
450,182356.63880296148
451,258332.7197887122
452,148481.71765557505
453,74350.05948022162
454,302714.6037992694
455,83730.66128201156
456,260563.2783015736
457,131708.84114969263
458,148283.67518358844
459,142582.2996689622
460,378299.0125618444
461,298474.2970119113
462,183171.29829410493
463,208213.40346105976
464,203132.0144061103
465,363441.23258094
466,131601.56353256808
467,155084.76969543422
468,118212.26361405745
469,120801.12585116131
470,132565.0012446761
471,129121.85250717217
472,157288.8366945496
473,167026.25537814372
474,166065.0023405994
475,168022.08735995903
476,165819.57020414283
477,155940.3679724348
478,242280.77215747398
479,195474.10097010198
480,160955.76877157134
481,174095.85131343364
482,193174.75606767755
483,317236.7826370549
484,335780.5628655218
485,140667.91919513314
486,286313.5156734187
487,153862.4654319567
488,215020.55115840153
489,179424.17809315847
490,231128.8755045439
491,213188.6704101424
492,158653.20154692774
493,194149.92462079827
494,123368.78917711327
495,257420.77884716817
496,153364.0376885911
497,316146.34255892
498,137777.8130598075
499,104017.66398397631
500,113821.69818012352
501,99187.20806844096
502,107855.0261906169
503,114251.86975454215
504,150251.41532806767
505,153639.98829537106
506,288966.63924688305
507,383520.782126991
508,354385.7404102351
509,392852.27054900356
510,392422.1798069391
511,342923.6315184232
512,275850.10601828265
513,315026.2330029153
514,411779.3749833995
515,280377.1984711911
516,338331.60152491456
517,352573.94924295635
518,284723.80332834774
519,190071.9959293275
520,305459.4178286124
521,217021.32762832975
522,210402.73703794373
523,168635.6739479941
524,199519.31317197086
525,206849.7763510668
526,171749.06168874793
527,158316.04940764123
528,177486.66968085777
529,200182.78883992342
530,197555.08279212847
531,197331.2412075666
532,166500.7969731239
533,235860.80048105025
534,174602.26904011169
535,261725.4112073406
536,301533.0698795947
537,344543.08378222026
538,231408.984246236
539,305036.82880950364
540,238705.48797287775
541,215191.80006810534
542,256042.1534053091
543,260442.6008352204
544,232377.55495153987
545,228665.17139386243
546,250152.5643874422
547,187102.31573168287
548,169927.59751068513
549,179355.04649587386
550,132326.7494857579
551,168051.61290459151
552,171498.46325202723
553,170454.11389228262
554,181308.84854582624
555,176651.07651801396
556,189512.20366625141
557,117372.56792621315
558,127814.69152613275
559,121306.5700873761
560,115518.49064741933
561,167206.75816328428
562,141879.21356854678
563,196067.9763810475
564,361708.7079987401
565,176512.81124485304
566,139324.94410242562
567,162564.21067736016
568,165983.26900915464
569,268177.58208536997
570,237812.34107196826
571,273051.17471416405
572,266739.47985567903
573,161696.3356611917
574,197203.63384224285
575,190907.11354248336
576,196582.5014945205
577,316361.8050092764
578,197978.64776767782
579,353049.5712060243
580,276379.8577312614
581,188123.04122669002
582,160118.62058620114
583,167322.7923458772
584,199917.45716635618
585,134968.55288826636
586,147788.38553146136
587,123430.43137259882
588,133838.61118755213
589,174240.01082878723
590,101989.90763071194
591,128084.55546240594
592,132410.6533512888
593,77694.5446448326
594,146161.03841453526
595,120217.42714336194
596,120631.62389407185
597,198529.4254172457
598,113535.30812271028
599,152671.61708628948
600,163462.47575420418
601,129548.19113185875
602,103835.84604040968
603,129699.99550784241
604,123345.49126355122
605,161607.06211082413
606,123347.19548211538
607,134810.57035052797
608,94481.34255581016
609,106270.21396568739
610,90366.49293636956
611,132775.11328603505
612,128581.01659044297
613,176232.78512020374
614,139735.89564767625
615,116174.98333304153
616,138281.32616654012
617,125110.46425823888
618,127678.48204737605
619,111307.03732605692
620,120777.10255059754
621,132362.77264168428
622,142279.09425496726
623,104406.76038895214
624,122630.1621446689
625,124683.30147655903
626,117643.42828914043
627,119390.84494096407
628,90768.25931209652
629,145114.05308741715
630,130700.88886429931
631,136528.30147203527
632,150777.15405439102
633,139350.99644375753
634,154315.00142121827
635,93490.5443373114
636,93664.2063093097
637,149199.4473762315
638,79501.9349040003
639,117670.57071260951
640,139360.17894473384
641,154641.8440766102
642,104856.12834063914
643,150092.74233234595
644,138561.80656525222
645,82760.9503198597
646,240394.03055684347
647,115813.06823013107
648,107596.84996553777
649,118335.14195471276
650,159930.68908668583
651,137670.8138081753
652,114778.14404567644
653,105195.4643680567
654,153991.31602647842
655,106935.20904458177
656,154490.25906339282
657,115761.80272157585
658,100998.207404895
659,102285.36479959618
660,91149.13924701475
661,92374.45078701236
662,94032.30110300715
663,188455.40024570734
664,142437.7894076163
665,151695.09607945077
666,169152.48407259866
667,145986.03348553204
668,105254.20925129583
669,154461.88201350666
670,159192.32122616193
671,115192.88656334815
672,113914.67278448968
673,116121.3177829714
674,103723.3354921574
675,89886.6125089736
676,114384.47068360518
677,131198.57508310233
678,145138.99208167984
679,129977.27838727273
680,129437.45309167716
681,126275.58348143667
682,134892.34768673487
683,112619.9721215612
684,127598.61027166272
685,139992.09527465215
686,147526.0784459969
687,121049.52379557797
688,128240.05734279635
689,197969.68469239122
690,132727.49094323933
691,156396.6526322801
692,149506.07727460298
693,113455.96279308213
694,121049.16153157898
695,200600.97567130742
696,211451.23031214628
697,223211.08980904837
698,193362.29244164508
699,164228.38044191632
700,257378.83285437708
701,395707.41310992633
702,312911.2601113719
703,252838.79380144906
704,162784.15283387763
705,136562.4879888179
706,200453.6808567657
707,186151.42007905248
708,181601.9774142464
709,203636.80676214397
710,132939.6763735281
711,133843.79009505062
712,146676.63215829007
713,233896.81242301862
714,288836.63440379786
715,316545.1103040664
716,240811.74053872272
717,218886.0154223933
718,136179.99990137285
719,189022.60100807593
720,186957.48428582324
721,206705.25848994442
722,189928.01280342828
723,132028.88440250757
724,119775.51579337507
725,140833.67204356208
726,139863.85502148146
727,151933.0941265678
728,159477.93830445057
729,90496.56197636815
730,91594.83460512955
731,93581.84422155617
732,92630.92668261468
733,98398.59448498485
734,108279.06468408507
735,99544.16444355673
736,103525.11361274522
737,159873.31624084472
738,169322.14601943095
739,121033.22166864954
740,124587.06711437875
741,191638.8818040815
742,140826.63801776042
743,156393.10914377522
744,106491.47206197103
745,126539.75886302182
746,248898.5211968684
747,219844.4671837739
748,158094.29941794384
749,120237.79426355485
750,105060.06897844007
751,106079.33964445484
752,96378.56188563841
753,140858.5901239941
754,100122.07172326877
755,148814.6210804772
756,91071.16420366264
757,95440.7277245958
758,79303.0691904875
759,76081.62549880227
760,304629.49139640224
761,216447.70439800652
762,234431.12017393066
763,199897.06079000118
764,138634.51699403118
765,157900.6935593104
766,182362.501837087
767,285352.6256683628
768,240368.2811915431
769,138531.23091122363
770,188689.49771404397
771,164261.57499905778
772,168193.27543056506
773,257863.8728665322
774,175629.03086961448
775,278011.69161675667
776,342482.0354621779
777,198083.57149643704
778,112880.83765074164
779,154538.45720067297
780,136664.1457646575
781,135288.79177757975
782,144036.152131904
783,91531.24226100469
784,87188.48660178686
785,132157.38002307413
786,103476.28723340697
787,120286.67960212786
788,122796.52624425307
789,134083.37082256284
790,119632.06679503509
791,169042.6835874838
792,142701.1939436869
793,162526.79837055568
794,173018.5066436231
795,173963.7500327849
796,178330.76860191446
797,166263.35013162857
798,160645.9665931535
799,143806.33201093719
800,188825.39547110102
801,205844.02857082846
802,326032.95935355645
803,393526.04715567105
804,157444.47836464475
805,262897.11872819636
806,366724.94140667113
807,347723.21188305586
808,160471.9769754027
809,174537.74686795886
810,216560.74852637976
811,190697.64219220693
812,155584.8803217319
813,165037.97952611904
814,163388.25974625858
815,177672.71988667824
816,176937.80848999743
817,149891.96867890703
818,114581.98384125307
819,104701.37515531796
820,165861.4002860763
821,166998.90897515242
822,99910.71072269852
823,108629.19187195732
824,149793.01824763272
825,125068.28012292983
826,306302.0640513779
827,262415.5003078101
828,366676.1328261113
829,387392.6943446995
830,337790.532781545
831,383910.32042498206
832,406033.60533445585
833,372979.3188944659
834,403745.215158834
835,297174.026139747
836,292319.24132400204
837,270633.5790313969
838,397856.39488878555
839,320647.94595480623
840,256620.32349061198
841,214115.00158568655
842,245926.27216856315
843,247928.02201011268
844,169165.53605101153
845,169883.2168858439
846,175909.0577280414
847,240474.9862321665
848,263421.43533451844
849,209053.61700348777
850,195197.8863463511
851,164512.22884605767
852,159432.0161710221
853,169611.9695002365
854,159194.8270377043
855,165365.6102183226
856,170870.66219382215
857,159011.08850455238
858,168653.46430203423
859,174951.6893918193
860,262785.99153932533
861,169939.68115427846
862,164444.07636772617
863,160929.5913166749
864,199807.71496863005
865,161714.44783207405
866,192946.9096962682
867,203252.1576479325
868,169656.37746870937
869,161568.17581857037
870,347085.9256588835
871,352383.4263096102
872,319116.5641285981
873,242680.9605423266
874,258527.70986799148
875,332689.7075422192
876,191064.4995002179
877,288025.438611005
878,231977.1031248017
879,355395.0259493746
880,200126.15625348603
881,246265.73464154426
882,206254.8667499652
883,206232.48171652344
884,246239.82014031717
885,226873.9042203906
886,187453.65796761398
887,230617.24543144117
888,145529.54671361955
889,257366.40680866802
890,243835.02655245486
891,248678.1659332021
892,194466.73016263478
893,117690.30059917344
894,148419.78062240343
895,142477.53359240666
896,194947.07606961165
897,181202.31142468576
898,118145.81376742167
899,114715.5439511207
900,134056.74616932773
901,247299.31658067796
902,132209.75562441486
903,144850.8714385164
904,214658.74324312416
905,191220.46607561584
906,231551.29066203634
907,194676.14521624002
908,226429.61378630565
909,164507.16636786252
910,166257.69563308152
911,186059.9564983649
912,266860.5070257029
913,313835.8019948502
914,242072.38185909946
915,243047.31855967562
916,349592.76081795315
917,129523.82411497153
918,182790.42160236943
919,135614.91851764717
920,153084.9653689415
921,182271.52012706726
922,199447.43137110784
923,215935.4204854234
924,142985.49299345823
925,133605.09938189958
926,127746.57389447847
927,107872.76856055336
928,121300.1066229612
929,124302.0339060068
930,128310.13072459475
931,108932.3026425181
932,163002.21856313682
933,136472.7674066829
934,183065.59749511658
935,141115.9511398709
936,176855.39624295296
937,112740.48308500591
938,66448.90268295402
939,65438.73988197473
940,111503.93996055337
941,127700.66349993157
942,133022.33413322121
943,132950.40303606898
944,149661.05008040974
945,129106.85451323159
946,124242.05077266415
947,127635.44665365611
948,126223.51388338426
949,160871.7869321466
950,120430.23763769145
951,148375.59678987088
952,131143.68074349652
953,123788.84315135892
954,131048.97942313961
955,120902.51630926286
956,119815.69279660819
957,113606.20963950022
958,127874.64211025203
959,122602.96052068917
960,143406.78115179617
961,115067.50744573797
962,135847.70861847812
963,147738.39547904764
964,157417.5035358808
965,124900.95335834326
966,138609.40186417778
967,168287.05086071108
968,110274.80711817941
969,125139.3070075784
970,106737.59835559277
971,128432.20635258478
972,134174.31596149172
973,137876.17222408683
974,142930.37680617615
975,104261.88787619678
976,109120.72597215378
977,118685.12616493733
978,109150.47172842729
979,121114.65454532436
980,112285.40044803933
981,102569.242119563
982,107823.95023582122
983,117241.85437965815
984,90485.3844750527
985,134806.6854111036
986,236362.5719507355
987,155580.1340493266
988,108068.6401450854
989,163745.82683169813
990,125157.76619365392
991,223190.2571354058
992,95672.54514420236
993,120446.03687464654
994,111189.19982327617
995,141335.45589344317
996,111481.710361909
997,105048.30908211341
998,102551.905419331
999,133222.53774415297
1000,110613.56870884744
1001,134512.0951316867
1002,113070.14209489404
1003,177626.47331437957
1004,123518.74552656882
1005,112099.11004514401
1006,153315.6998950086
1007,98494.33912503492
1008,93860.7432405059
1009,180281.2899592627
1010,192171.52117600487
1011,174222.192277416
1012,112049.6990580258
1013,109250.55373736528
1014,222669.08759622378
1015,114718.57267387841
1016,125696.77855969961
1017,152715.2118042698
1018,106005.67863399688
1019,124835.68185814965
1020,112778.02876628596
1021,128029.5974300108
1022,110641.87624741923
1023,116034.81808750647
1024,115665.04894257899
1025,143401.6269968019
1026,172086.20918716738
1027,143873.17936389413
1028,140437.35934999702
1029,135816.0158085821
1030,97988.34474459106
1031,170428.5910331134
1032,128870.26633292982
1033,152890.39479835058
1034,100906.92426768175
1035,201982.35789656627
1036,153394.1399725056
1037,114960.57473038144
1038,100826.43888480327
1039,125523.6025227605
1040,129944.7749248316
1041,145435.32315148052
1042,106001.39548963068
1043,174507.78266857288
1044,197527.77707436372
1045,259656.80949738575
1046,321316.1546291108
1047,260826.5003728926
1048,206424.82305560785
1049,240169.86345275873
1050,179378.41619779333
1051,196395.18345790348
1052,203060.2188250985
1053,234512.01302993167
1054,140651.0582658576
1055,148534.44082378774
1056,127371.40007245123
1057,131921.33718560197
1058,204467.31391974314
1059,194576.95130401457
1060,178914.8776511905
1061,201326.46745699647
1062,128761.57398406538
1063,132222.92208890448
1064,138473.86272044966
1065,136123.68338078164
1066,106425.70303640072
1067,120451.24430979085
1068,129456.97838701213
1069,104741.99305827777
1070,223990.53017110206
1071,206885.0613512826
1072,186962.86647039326
1073,235760.14559285386
1074,318306.8374863976
1075,208988.50996881985
1076,222630.32396488928
1077,174999.71241220558
1078,176858.01768808073
1079,167037.63360031816
1080,172222.17359233552
1081,140889.7990945368
1082,124346.14918279815
1083,123110.47491861421
1084,121629.98925414724
1085,139791.42336008415
1086,133884.0779327211
1087,143293.03906434667
1088,148199.0968347106
1089,484416.70585317456
1090,133378.67390512142
1091,115389.96407107676
1092,87322.96903039841
1093,119139.98256520845
1094,103962.0208822704
1095,96163.56081146223
1096,108536.68804476816
1097,164895.3547545394
1098,139784.5976830011
1099,117507.4702706497
1100,133356.00518792818
1101,130096.74412005124
1102,137227.5272225765
1103,169070.0705619169
1104,113953.17765457227
1105,137236.20110210078
1106,125031.61257408476
1107,170161.9362794503
1108,166332.54571060764
1109,119416.27501266226
1110,143972.62581924145
1111,186503.4479329487
1112,208357.01458038512
1113,311995.6050231127
1114,118447.22936303481
1115,137643.7754845244
1116,153802.80365812124
1117,92834.59684632186
1118,78790.66633514335
1119,141695.2450128706
1120,127772.94724041398
1121,111400.95577898246
1122,297680.53533536015
1123,151038.50162787345
1124,162240.57294055636
1125,201705.01479164566
1126,197245.93347487052
1127,148414.14243104463
1128,136283.00875982933
1129,201843.87420120722
1130,178138.2668854129
1131,201319.2816226296
1132,243051.73258369754
1133,171141.2442053404
1134,201056.64248605748
1135,329834.43046793743
1136,163730.78868555356
1137,245108.6428312627
1138,268338.8213558556
1139,137427.45855259424
1140,127609.78942775438
1141,82302.91319634112
1142,89071.11949101709
1143,81947.27833498917
1144,82505.24679012925
1145,135093.46720114825
1146,163894.43026699673
1147,165756.27844974198
1148,156185.8013054645
1149,106937.55374370213
1150,143095.28576279842
1151,142351.91932890136
1152,123144.15368632964
1153,123557.29307396495
1154,146497.56210539196
1155,130727.3507823558
1156,153295.2607296666
1157,163974.32540632572
1158,202456.35037635075
1159,169553.3817502117
1160,165306.77057869913
1161,169384.99744052978
1162,260978.01754577804
1163,250440.88823367297
1164,332925.5524708369
1165,153694.01436176253
1166,187510.52104150204
1167,382351.6642155952
1168,389087.5168792361
1169,344707.2307279671
1170,434461.14385640365
1171,354143.8677472649
1172,291126.67729842156
1173,366497.9877597843
1174,141750.77404767254
1175,186339.34075154824
1176,165150.41634437072
1177,240041.58548492455
1178,174656.11319006182
1179,145080.50334138382
1180,96427.69363238917
1181,175914.63915952775
1182,109432.87725393039
1183,126316.14052214532
1184,99186.99694239082
1185,97267.5380413616
1186,99872.72842465325
1187,136326.40272527377
1188,136350.3935677811
1189,148097.8628734466
1190,145433.18444453747
1191,426851.8589079365
1192,255215.51430188137
1193,214220.21788165916
1194,345552.6443980257
1195,305100.1563025664
1196,319601.0934954592
1197,278864.5952431469
1198,307526.5196454351
1199,320627.2972148838
1200,316050.8790852612
1201,323782.22750348184
1202,280600.29337628465
1203,251332.98787792394
1204,285893.5333612863
1205,255824.48374855603
1206,156428.60145650787
1207,172162.92046495457
1208,166156.09498577513
1209,296776.5822838894
1210,172358.92700135495
1211,174706.4334013681
1212,195877.93907900224
1213,197062.64697342884
1214,158422.92593224923
1215,175278.34864779172
1216,177673.21868009397
1217,245828.62633347395
1218,276958.41492218635
1219,277550.31115859357
1220,362262.74767752865
1221,316394.4330693655
1222,445116.3321522754
1223,303969.9188359145
1224,335102.9122176612
1225,268270.1631686572
1226,313239.3439183312
1227,232873.97095312152
1228,219844.67389452423
1229,456763.04145519616
1230,165682.67237256322
1231,118638.77589077083
1232,190714.1615435227
1233,121607.15954420445
1234,177547.11820479392
1235,175557.0312836985
1236,172137.97150913114
1237,179564.10204509037
1238,167617.4091209189
1239,159892.71523293355
1240,144835.74545135623
1241,108458.29050262322
1242,148486.04839321054
1243,134664.82098592847
1244,124141.02715288453
1245,111833.92490238704
1246,116316.30259009794
1247,130055.68856016395
1248,113579.81707491959
1249,122874.26479428675
1250,250308.811245868
1251,338805.299174155
1252,160611.14214240375
1253,156791.42535922857
1254,166479.81732015463
1255,153990.02741356118
1256,171612.58647933937
1257,234153.41715415585
1258,147094.41214696693
1259,173761.13490028706
1260,134795.67384131163
1261,155297.5635255105
1262,138033.48571125415
1263,122635.64923727268
1264,129228.74105652247
1265,135197.65035949688
1266,165420.47784298094
1267,157955.1189439102
1268,147591.91228190906
1269,136019.62267423925
1270,113671.17293698796
1271,109793.40125179212
1272,149942.18149358477
1273,137234.75167691533
1274,128633.88759438395
1275,140155.72878895642
1276,117301.6435170657
1277,132935.3681690199
1278,150694.8597401673
1279,127589.03375995868
1280,137545.70151426253
1281,142564.73710839325
1282,137312.87563101677
1283,135992.99992820589
1284,128829.74377810997
1285,127385.21604732738
1286,144923.28114386622
1287,113841.34295800392
1288,122672.08468137834
1289,123726.21725981444
1290,124098.34706072725
1291,206760.7883498392
1292,146713.58657606112
1293,180503.93565857
1294,118262.98182450443
1295,91211.5045348109
1296,81369.02270472914
1297,83832.49560099785
1298,161791.86097217322
1299,131857.420263312
1300,135776.94416422147
1301,140882.67483455635
1302,175723.14256064445
1303,165042.03946744563
1304,252138.9246981655
1305,139967.79962802585
1306,93839.39913948916
1307,130898.67149117074
1308,116209.7030510638
1309,151693.23014478397
1310,117848.71988731279
1311,118041.18633273145
1312,147052.97038559293
1313,145650.88080706948
1314,139204.12011324018
1315,150180.0639000049
1316,158223.58371526393
1317,134636.5110916885
1318,132314.3930984316
1319,113565.88140460257
1320,100153.40446018308
1321,91910.16514675229
1322,95874.04683152806
1323,123483.50825474382
1324,140720.84048294372
1325,69648.31444228414
1326,118256.83947746131
1327,81975.80751097752
1328,221620.74452011564
1329,99850.90322414337
1330,114051.341233772
1331,83889.94689593885
1332,159570.5191033077
1333,90978.13933289306
1334,107674.60399071331
1335,98504.56842479302
1336,183197.35059006588
1337,126778.76499183303
1338,115553.7243905703
1339,84767.67693985361
1340,110543.02991320669
1341,142525.36934622854
1342,161686.890392276
1343,129876.58657540071
1344,100437.968993565
1345,87907.79287967243
1346,152752.50744196185
1347,138687.44347126049
1348,124166.58037426861
1349,130147.72916193613
1350,146538.92420830455
1351,138737.95797978205
1352,142779.30678930352
1353,156894.47988041726
1354,106832.32327640706
1355,213322.1711741068
1356,124553.34694960619
1357,124211.67719745645
1358,170162.21439526824
1359,121762.97301624824
1360,102727.26881064751
1361,169268.9343506159
1362,214689.04995967876
1363,159285.38179453582
1364,140799.82164505534
1365,123878.88353305733
1366,149901.32969141903
1367,198226.28822364227
1368,172279.19216925927
1369,209114.94244486233
1370,182802.86195715613
1371,190168.45541750098
1372,274635.57600902335
1373,197136.62766207085
1374,204276.2114863039
1375,183658.67154454385
1376,160814.38976048602
1377,134014.93365593266
1378,162003.31831863185
1379,191088.72122321522
1380,190699.34589929454
1381,205842.94130626158
1382,142802.92765233252
1383,152437.3612279048
1384,117450.7396467267
1385,197173.59789083592
1386,179985.47036676633
1387,214982.83057209355
1388,194435.87683680543
1389,283316.68935386994
1390,214642.11922696995
1391,210310.58551419724
1392,213176.86528726591
1393,135215.08846099942
1394,195143.2674905072
1395,189775.36031146525
1396,181137.93878179407
1397,192194.63291810275
1398,132815.4742854786
1399,121663.1572067512
1400,120697.39568406943
1401,186972.6019344773
1402,116822.36011699648
1403,246666.92755782278
1404,134790.72372125986
1405,165275.43935990077
1406,87106.55987866121
1407,116218.38738236777
1408,125875.57152600335
1409,147595.54526204895
1410,112177.55930078318
1411,67489.21885308101
1412,104956.52358363202
1413,143162.00957268773
1414,120008.72123045338
1415,158479.36028760474
1416,152184.93422710174
1417,159758.16374907453
1418,146514.0696822046
1419,106616.50754175721
1420,143096.69336731132
1421,148280.4967771719
1422,167648.21807786886
1423,173528.16887561162
1424,160728.10137503492
1425,168557.46349020003
1426,105162.8143889748
1427,119263.82587406326
1428,69082.73760288909
1429,81489.31779466229
1430,141559.39948734237
1431,72759.27712691038
1432,116825.26355360427
1433,69577.88093007937
1434,308686.37287962204
1435,297908.37208053045
1436,177244.25557599505
1437,154750.90763933142
1438,229408.89484062983
1439,152284.1408724562
1440,169251.57353391632
1441,171948.15305891618
1442,335155.28418181255
1443,323522.70926541724
1444,117465.2657545113
1445,194014.34667484878
1446,113568.37557018589
1447,121100.13938347025
1448,142145.41684893245
1449,77194.46623405193
1450,82641.41311883817
1451,139913.9502462215
1452,88597.58899645058
1453,78750.50108594468
1454,79880.4871117924
1455,87224.1410105314
1456,147346.76313390344
1457,108746.26938033858
1458,211640.6678537558
